camera_matrix:
901.100868 0.000000 629.959863
0.000000 902.419825 367.711497
0.000000 0.000000 1.000000
dist_coeffs:
0.102901 -0.192980 -0.000889 -0.002474 0.166427
rvecs:
-0.088634 0.088849 -0.030543
-0.024206 0.227943 -0.096682
-0.084796 0.030404 0.011427
-0.165411 -0.014881 -0.063484
-0.177371 0.163619 -0.152481
-0.100384 0.238289 0.088117
-0.206662 0.212050 -0.277454
-0.181552 0.077346 0.011565
-0.098547 0.036555 0.039394
-0.041328 0.383963 -0.063039
0.031068 0.415029 0.092485
-0.186488 0.049147 -0.010684
-0.179178 0.078555 -0.263183
0.000671 0.136960 0.142066
-0.197553 -0.039745 -0.043696
-0.291904 -0.101170 -0.342185
-0.235854 -0.019367 0.218498
-0.064084 0.221651 -0.007769
-0.314806 0.232283 -0.183486
-0.314471 0.198467 0.190734
-0.255017 0.094419 0.057508
-0.434014 -0.081118 0.244516
-0.236663 0.059177 0.030917
-0.304323 0.057493 -0.211104
-0.208247 -0.142154 0.002736
-0.232482 -0.182324 0.133268
-0.134308 0.175355 0.037502
-0.220241 0.249053 -0.178801
-0.279865 0.122750 0.229696
-0.183607 -0.008023 0.055166
-0.051114 0.028544 0.130728
-0.137276 -0.047389 -0.046129
-0.125421 -0.039133 -0.142042
-0.264938 -0.058804 0.274151
-0.208575 0.032091 0.071807
-0.172990 0.091302 0.058187
-0.255556 0.173797 -0.129165
-0.225087 0.098585 0.205040
-0.164316 -0.091521 0.096592
-0.238048 0.094493 -0.087457
tvecs:
-17.694410 25.854406 417.800560
-101.927304 48.597115 413.819671
44.240984 8.766060 410.930799
2.651851 -67.542209 400.904528
-167.533297 -32.321403 389.706939
-158.064741 -57.475452 399.271783
-173.610238 -8.632172 399.312240
-9.294762 38.777895 411.976457
93.836536 23.086156 445.743901
-143.513248 39.722694 434.223787
-141.200074 34.135038 441.328409
-19.604912 37.787889 385.807467
-22.577733 82.064678 388.758911
-18.964883 66.515213 396.851732
-1.082991 -57.286271 359.551969
-12.442828 -55.918245 347.534496
-3.976893 -82.578346 362.363036
-73.549090 87.709232 401.693908
-178.449614 84.441022 437.925274
-171.090162 64.654222 439.638326
-58.303360 -52.525486 415.355147
28.205172 -95.048620 406.094023
-72.439497 58.367556 379.723550
-72.885504 78.755886 376.887928
97.659988 -15.577805 310.617628
107.309242 -14.611864 309.742241
-130.323571 10.382643 420.543565
-162.556764 15.683684 411.598186
-81.556076 -78.729079 391.115527
-43.628288 67.241721 399.323335
-79.298338 -104.433709 377.829558
-27.277581 -91.021663 410.359683
-29.911724 -87.720719 407.827743
-3.967317 -106.255866 417.554742
-154.073071 -27.107519 389.715556
-197.169433 75.949260 386.516740
-228.401777 107.213609 417.015214
-189.646439 81.918053 398.203868
-63.941558 39.449278 377.334219
-132.432265 2.944989 337.495748
